1, 1196, 50, 969, 296, 2571, 1252, 1210, 2318, 1228, 904, 1203, 233
2, 1361, 1217, 1221, 1228, 912, 1948, 1225, 7502, 3088, 905, 898, 1172
3, 1293, 2019, 912, 6016, 1203, 1228, 1193, 1945, 48516, 905, 2359, 1247
4, 50, 527, 318, 2318, 1221, 1204, 2692, 899, 926, 1147, 1203, 1228
5, 1203, 1199, 926, 1945, 318, 2467, 116797, 3462, 4011, 745, 48516, 7502
6, 318, 926, 2064, 608, 913, 2542, 527, 899, 2318, 904, 3030, 912
7, 1221, 4993, 858, 2959, 527, 608, 2858, 1945, 5952, 3462, 1217, 1952
8, 3462, 926, 1193, 1136, 31658, 912, 2019, 3730, 1212, 2692, 1299, 1252
9, 1203, 1172, 858, 954, 926, 905, 1136, 1276, 2064, 1254, 898, 2542
10, 1945, 1203, 903, 2762, 1219, 969, 1276, 4011, 926, 7153, 2973, 1233
11, 2324, 1203, 1247, 905, 318, 926, 969, 913, 1945, 4235, 2019, 1228
12, 994, 926, 1217, 3462, 2324, 7153, 534, 1211, 1203, 2329, 5816, 750
13, 858, 1254, 1148, 1221, 5995, 2318, 3462, 969, 1213, 1228, 898, 913
14, 858, 1221, 527, 1276, 1172, 318, 50, 969, 745, 4993, 608, 2542
15, 118890, 905, 89864, 659, 6243, 3508, 4846, 954, 6807, 98933, 53129, 2043
16, 858, 1196, 1060, 905, 926, 1221, 2959, 1203, 904, 745, 954, 1254
17, 3167, 750, 1197, 7502, 969, 2318, 63082, 1201, 54997, 3022, 926, 140174
18, 318, 969, 858, 926, 745, 58559, 1948, 922, 3462, 527, 1175, 913
19, 720, 56782, 926, 3468, 2318, 3435, 2804, 1172, 6807, 3462, 899, 3362
20, 1197, 969, 1212, 1203, 134853, 899, 68237, 246, 55269, 57669, 1211, 908
21, 905, 1212, 6016, 1213, 7502, 2019, 318, 86882, 745, 3088, 608, 904
22, 50, 1221, 1252, 923, 1203, 969, 1945, 2973, 608, 5995, 671, 905
23, 3362, 7502, 1148, 1264, 1060, 1939, 1276, 58559, 1214, 994, 48516, 8132
24, 1221, 318, 969, 858, 527, 593, 926, 2064, 905, 1228, 2324, 2329
25, 50, 1945, 1254, 318, 1193, 1089, 898, 2064, 899, 1207, 1252, 1361
26, 1252, 2762, 1217, 2739, 745, 946, 1213, 3462, 1221, 3038, 969, 1276
27, 858, 318, 1945, 2692, 2064, 969, 6016, 1221, 1198, 7361, 1252, 2289
28, 318, 7153, 50, 4993, 527, 3462, 1221, 912, 858, 1276, 88125, 1304
29, 318, 858, 7153, 527, 1945, 3462, 4993, 50, 56782, 3683, 1228, 912
30, 7153, 926, 1172, 1939, 2318, 1136, 1223, 265, 5971, 233, 308, 1264
31, 969, 1196, 1228, 608, 4226, 1136, 3683, 593, 1704, 2064, 7502, 903
32, 1203, 318, 2064, 1233, 905, 926, 7502, 1254, 745, 1276, 5971, 2019
33, 898, 1228, 111, 7502, 5995, 50, 2973, 7153, 1224, 899, 905, 6016
34, 908, 899, 1228, 903, 905, 1945, 926, 898, 1203, 904, 2973, 4235
35, 1203, 5952, 50, 4993, 1217, 593, 318, 1228, 260, 76093, 608, 994
36, 2064, 1254, 858, 899, 608, 1060, 4973, 1203, 3462, 905, 926, 4226
37, 969, 908, 926, 7502, 1197, 318, 1172, 1299, 1203, 922, 1221, 905
38, 954, 905, 2019, 2064, 98491, 899, 3022, 4235, 912, 86882, 1280, 475
39, 905, 6787, 1196, 3462, 2571, 904, 2804, 4993, 903, 6016, 926, 1224
40, 926, 6016, 1203, 858, 2064, 1212, 1148, 296, 1252, 745, 1228, 2318
41, 2318, 969, 1221, 1254, 1198, 1228, 858, 1136, 318, 3035, 905, 926
42, 1945, 2959, 2064, 899, 3730, 2542, 1203, 3462, 50, 3310, 1276, 913
43, 318, 2019, 1221, 905, 1704, 1207, 306, 904, 86882, 1272, 926, 899
44, 318, 1228, 1704, 3683, 2064, 904, 1945, 899, 58559, 4011, 1217, 5971
45, 527, 926, 3462, 2019, 1203, 318, 905, 1247, 1221, 1254, 2571, 5669
46, 1029, 1172, 1263, 1287, 1293, 1953, 2150, 2968, 3671, 17, 47, 50
47, 2064, 858, 3730, 923, 908, 318, 1221, 2019, 903, 76093, 1089, 899
48, 1945, 912, 2064, 905, 318, 1228, 260, 3088, 3462, 969, 1276, 7502
49, 318, 745, 1203, 6016, 2064, 527, 1217, 3114, 2329, 2571, 1299, 1304
50, 318, 2064, 858, 1217, 5971, 50, 1252, 2019, 88125, 898, 1221, 260
51, 318, 7153, 908, 1203, 3362, 3462, 7502, 1945, 926, 899, 5952, 950
52, 926, 913, 899, 908, 1945, 593, 318, 31658, 2300, 898, 2064, 2324
53, 1203, 3462, 1952, 175, 56782, 2959, 104913, 930, 858, 1212, 1254, 2920
54, 969, 2064, 6016, 1291, 858, 50, 3671, 1224, 1247, 3088, 1283, 1221
55, 2571, 969, 1217, 50, 1212, 1674, 1197, 905, 908, 1252, 1948, 2019
56, 1674, 3022, 2690, 1217, 858, 1948, 235, 5618, 1221, 2762, 2318, 81845
57, 1254, 1172, 969, 85414, 904, 1247, 1212, 2019, 3359, 1178, 905, 4973
58, 2064, 1254, 1172, 745, 69844, 2690, 1060, 44555, 858, 3310, 318, 6016
59, 1207, 260, 608, 1299, 750, 778, 926, 1254, 31658, 969, 2019, 3462
60, 1254, 922, 1276, 3462, 2186, 56782, 2692, 1217, 913, 1203, 318, 969
61, 2959, 111, 858, 1089, 1291, 76093, 1258, 7502, 1250, 373, 1617, 1077
62, 5952, 1254, 2064, 899, 2571, 4993, 969, 50, 1945, 908, 905, 7153
63, 7502, 926, 296, 1945, 1210, 2329, 1203, 923, 858, 3030, 73017, 1196
64, 1221, 1254, 858, 1945, 923, 969, 2959, 3462, 1203, 6787, 908, 1193
65, 2858, 1252, 318, 86882, 1247, 903, 50, 3730, 2019, 194, 913, 1254
66, 1276, 969, 318, 2959, 922, 3730, 904, 1172, 1217, 6350, 3462, 501
67, 1939, 858, 111, 1276, 912, 2692, 1221, 969, 3088, 905, 1228, 2318
68, 2064, 2542, 745, 1254, 6016, 905, 1203, 307, 1221, 858, 969, 58559
69, 307, 1254, 969, 1945, 1203, 2467, 2692, 858, 912, 1276, 1221, 306
70, 1287, 50, 296, 527, 318, 1197, 2318, 7153, 58559, 260, 858, 913
71, 745, 969, 2064, 1228, 858, 1276, 527, 318, 50, 1203, 5995, 899
72, 913, 2064, 1217, 926, 905, 1203, 2019, 1212, 1228, 3462, 1136, 111
73, 926, 1147, 905, 912, 3683, 1207, 913, 1219, 54881, 3037, 5114, 1230
74, 1221, 1203, 926, 2064, 858, 969, 3462, 2324, 905, 4235, 1276, 50
75, 7502, 6377, 2804, 2359, 926, 912, 593, 1178, 28, 48516, 2563, 475
76, 905, 926, 306, 31658, 1254, 898, 6787, 68157, 1203, 260, 899, 307
77, 1201, 969, 1252, 6016, 1221, 1203, 1283, 2467, 3134, 1411, 7502, 1292
78, 913, 745, 920, 926, 1945, 6773, 34405, 76093, 116797, 475, 969, 1227
79, 318, 2467, 969, 1217, 745, 1228, 1212, 475, 1276, 922, 904, 1197
80, 260, 912, 2959, 3088, 111, 1198, 527, 1217, 899, 905, 994, 534
81, 1221, 2019, 50, 913, 1247, 1732, 1228, 745, 778, 1193, 3035, 912
82, 858, 527, 969, 608, 1221, 3462, 6016, 905, 1254, 1207, 260, 88125
83, 858, 31658, 1939, 1252, 318, 912, 1217, 3435, 1089, 922, 1225, 1172
84, 926, 3462, 1945, 2300, 2542, 86882, 475, 1250, 2467, 1256, 111, 1136
85, 2064, 2571, 79132, 1196, 1945, 1291, 58559, 2973, 1203, 1209, 3363, 3362
86, 905, 1217, 50, 55269, 969, 111, 1254, 858, 55820, 4226, 1204, 1299
87, 858, 1196, 527, 1089, 905, 318, 745, 926, 2542, 48516, 1136, 1198
88, 1172, 969, 1060, 858, 1213, 1276, 306, 1254, 899, 922, 720, 912
89, 1172, 527, 1197, 7361, 858, 1089, 1136, 1196, 1198, 1213, 2064, 2467
90, 296, 969, 318, 1252, 858, 50, 2318, 1196, 6016, 926, 1193, 1203
91, 50, 858, 1221, 912, 1203, 2858, 48780, 31658, 1945, 7502, 48516, 3683
92, 858, 593, 1221, 1193, 2571, 1252, 905, 3462, 2858, 7502, 1228, 4226
93, 969, 1221, 926, 905, 7502, 318, 1254, 1945, 750, 296, 2064, 3462
94, 3683, 7502, 1228, 1945, 1217, 1148, 1254, 969, 745, 3252, 903, 2467
95, 7153, 899, 50, 318, 926, 5952, 898, 3462, 1207, 969, 908, 5995
96, 1196, 296, 858, 1221, 260, 1136, 1945, 1228, 6787, 1172, 1198, 4993
97, 3462, 1148, 4011, 1217, 969, 1968, 3359, 1206, 928, 3671, 1411, 7669
98, 1287, 50, 527, 318, 7153, 858, 2064, 1221, 1204, 2571, 5952, 2329
99, 6016, 319, 475, 293, 2762, 3462, 2467, 922, 1225, 116797, 919, 88125
100, 318, 1945, 1254, 3462, 858, 50, 926, 912, 1221, 1060, 1217, 899
101, 858, 1221, 745, 1254, 1217, 7502, 2064, 1252, 5971, 6016, 1948, 912
102, 5995, 3000, 6016, 2324, 1199, 1060, 4235, 96079, 61240, 5618, 26729, 3629
103, 858, 904, 1252, 7361, 296, 2289, 1221, 913, 926, 1196, 2019, 1945
104, 1221, 858, 1203, 953, 6016, 534, 908, 2318, 1252, 1292, 246, 1254
105, 1203, 926, 1254, 1945, 913, 56782, 1212, 1228, 2064, 1219, 2019, 905
106, 1225, 912, 1945, 1291, 2019, 905, 904, 2973, 1060, 1204, 3435, 76093
107, 858, 1060, 608, 318, 4226, 111, 50, 1203, 1250, 1213, 905, 1209
108, 922, 2064, 1203, 527, 318, 475, 913, 31658, 912, 1204, 1197, 1291
109, 1172, 1247, 858, 50, 2692, 2064, 7502, 1193, 1203, 1276, 1252, 2858
110, 1172, 2318, 858, 903, 910, 913, 1196, 1291, 2064, 1221, 1276, 2019
111, 994, 1252, 58559, 858, 969, 899, 910, 3462, 1254, 750, 2973, 1221
112, 926, 912, 858, 318, 1276, 1172, 260, 3022, 2762, 969, 899, 4226
113, 1172, 1263, 1287, 1293, 1953, 3671, 47, 50, 222, 223, 235, 265
114, 527, 858, 1221, 1254, 2542, 905, 1207, 1203, 6016, 318, 1276, 2318
115, 1945, 3462, 50, 1203, 2318, 858, 904, 296, 2692, 905, 1252, 1193
116, 56782, 899, 1172, 969, 3022, 1252, 1939, 1254, 908, 1197, 858, 2300
117, 969, 908, 7502, 926, 1221, 4235, 1203, 4886, 922, 910, 50, 899
118, 318, 2858, 1203, 1228, 2318, 912, 4235, 2959, 923, 3462, 2019, 356
119, 951, 1212, 1060, 720, 905, 6016, 898, 4226, 56782, 3462, 5995, 3007
120, 1203, 926, 916, 2692, 4993, 5971, 994, 111, 1276, 7502, 1217, 534
121, 905, 923, 608, 858, 1228, 1252, 6016, 898, 2997, 3468, 4226, 1213
122, 1221, 969, 899, 908, 2501, 1217, 922, 745, 3088, 2690, 2300, 1197
123, 1172, 912, 920, 1288, 953, 318, 922, 2318, 2324, 260, 969, 905
124, 858, 1196, 58559, 1221, 306, 1203, 899, 905, 1254, 953, 260, 926
125, 2692, 1228, 2300, 5971, 2467, 899, 1244, 593, 232, 2871, 7502, 3504
126, 905, 2973, 260, 1228, 50, 1221, 898, 858, 1079, 1198, 1196, 1945
127, 50, 318, 969, 3462, 1276, 908, 1945, 1221, 905, 1228, 1203, 68237
128, 1276, 5995, 81932, 3730, 2132, 899, 1305, 1304, 79132, 1704, 122882, 3735
129, 1217, 318, 969, 858, 745, 1219, 1136, 926, 1228, 2318, 913, 8132
130, 2064, 912, 926, 534, 2300, 111, 994, 905, 3363, 8132, 928, 6787
131, 608, 318, 745, 2019, 2318, 858, 260, 1299, 527, 1254, 1217, 1276
132, 1172, 318, 515, 1212, 3468, 913, 858, 922, 745, 1252, 928, 4226
133, 899, 1023, 1254, 306, 898, 213, 954, 4235, 930, 920, 3677, 307
134, 1228, 922, 903, 3468, 905, 3462, 913, 7502, 1299, 745, 858, 1948
135, 1228, 1945, 858, 905, 1276, 1203, 926, 1952, 1148, 1254, 3462, 296
136, 969, 1221, 3462, 1203, 1254, 905, 1197, 7502, 858, 1276, 4235, 1198
137, 527, 318, 2064, 1704, 79702, 58559, 6787, 5952, 68157, 741, 904, 1948
138, 111, 608, 750, 4878, 3307, 3730, 2359, 913, 1299, 1230, 55820, 1060
139, 260, 296, 912, 608, 5952, 4993, 593, 527, 905, 7153, 6787, 953
140, 2064, 7153, 4993, 7502, 3462, 1254, 899, 968, 1948, 1217, 926, 2542
141, 969, 48516, 2692, 4011, 1945, 1948, 1228, 4427, 608, 5971, 50, 3462
142, 318, 926, 1228, 1172, 7153, 2064, 912, 858, 908, 6016, 3462, 1292
143, 858, 1276, 4226, 3462, 912, 1193, 6016, 1217, 1945, 68157, 8228, 7502
144, 1203, 969, 926, 905, 2064, 3683, 1276, 2542, 194, 1217, 1948, 1299
145, 1172, 1293, 1953, 50, 497, 527, 318, 778, 1197, 2318, 2959, 260
146, 527, 4993, 1250, 7153, 608, 1221, 2318, 3462, 2571, 7502, 912, 2692
147, 318, 858, 1254, 2064, 2318, 1276, 1193, 1221, 750, 908, 2300, 745
148, 858, 50, 608, 318, 908, 923, 1221, 1204, 912, 296, 2692, 750
149, 2542, 1172, 2064, 1217, 527, 1204, 7502, 55820, 954, 912, 922, 1060
150, 6016, 3462, 920, 1948, 1304, 1217, 4235, 1227, 7502, 2920, 1252, 116797
151, 903, 1252, 318, 1217, 912, 926, 1196, 3730, 1291, 2571, 7153, 969
152, 2064, 1221, 858, 175, 905, 1288, 994, 1252, 29, 2019, 1228, 904
153, 527, 318, 913, 1193, 1221, 1945, 750, 923, 593, 260, 2064, 2019
154, 1217, 969, 318, 194, 858, 1299, 1203, 905, 1212, 48516, 898, 1219
155, 296, 4993, 858, 953, 3035, 913, 926, 608, 922, 1254, 5952, 2997
156, 2318, 7153, 2692, 4993, 7502, 926, 1203, 1217, 527, 1197, 1252, 904
157, 913, 318, 1213, 246, 1228, 1193, 1147, 858, 922, 1230, 926, 1252
158, 318, 2542, 1203, 1217, 1172, 3462, 1219, 6016, 1197, 926, 527, 1225
159, 922, 3035, 2064, 905, 899, 926, 750, 2300, 7502, 898, 778, 307
160, 1203, 899, 76093, 3462, 1945, 1939, 8132, 994, 116797, 48516, 1207, 905
161, 7502, 3462, 905, 926, 527, 1203, 1254, 4235, 1193, 1172, 1207, 922
162, 318, 260, 3462, 858, 527, 1210, 1221, 1217, 1203, 7153, 1207, 1060
163, 608, 2959, 2064, 1254, 306, 1193, 6440, 911, 2019, 1060, 31658, 32
164, 858, 1197, 1237, 1252, 1193, 2871, 6016, 48516, 1217, 969, 1228, 50
165, 923, 858, 307, 1213, 1221, 1210, 1193, 908, 7386, 4027, 3983, 39292
166, 1221, 2959, 50, 318, 1254, 905, 4235, 898, 3088, 2064, 1304, 1203
167, 1221, 1293, 318, 31658, 1203, 1060, 858, 2064, 913, 4235, 76093, 969
168, 1221, 858, 527, 1945, 3462, 2959, 3088, 3030, 7153, 1077, 926, 1193
169, 1217, 50, 3310, 318, 969, 1172, 1060, 2359, 2918, 1204, 1203, 898
170, 912, 1228, 858, 1939, 969, 318, 1221, 1204, 1217, 3035, 750, 111
171, 858, 1221, 260, 969, 1276, 6016, 905, 1225, 527, 1217, 318, 1203
172, 926, 905, 1203, 3462, 1304, 3035, 858, 1252, 969, 7153, 6016, 1221
173, 1197, 858, 969, 904, 3088, 1276, 1948, 1228, 3462, 56782, 1361, 4235
174, 318, 2064, 899, 1197, 1948, 969, 1217, 3462, 116797, 7502, 55820, 916
175, 858, 1213, 969, 1221, 1147, 953, 1172, 7502, 926, 994, 3310, 2064
176, 969, 27773, 905, 899, 1217, 926, 2329, 1203, 2690, 858, 56782, 175
177, 2318, 7153, 858, 1198, 2571, 3683, 3035, 4973, 3462, 951, 318, 2467
178, 50, 2318, 913, 3030, 1203, 926, 904, 1276, 1217, 88125, 3468, 953
179, 926, 296, 1254, 1259, 318, 922, 954, 745, 1361, 68157, 750, 904
180, 318, 3462, 858, 1196, 3730, 1252, 2318, 1198, 2064, 1247, 1945, 4235
181, 50, 2318, 858, 913, 2064, 1221, 1148, 1252, 969, 1217, 3435, 905
182, 260, 1207, 1254, 3088, 4993, 318, 1203, 1217, 905, 899, 76093, 6016
183, 6016, 898, 912, 2064, 56782, 31658, 899, 1204, 953, 104913, 1172, 858
184, 608, 1060, 750, 905, 913, 912, 4226, 2019, 1299, 1172, 969, 2858
185, 7502, 5952, 6016, 2019, 1203, 926, 31658, 969, 3035, 1254, 57669, 194
186, 903, 912, 905, 2064, 1945, 926, 296, 899, 1089, 913, 1254, 1203
187, 2019, 904, 86882, 88125, 1304, 2064, 57669, 3200, 1228, 1299, 1243, 68157
188, 2318, 1136, 3683, 858, 904, 905, 7502, 6016, 1276, 2542, 608, 1203
189, 4993, 953, 260, 296, 2289, 7502, 7153, 858, 1219, 1217, 1196, 593
190, 318, 922, 527, 2959, 7502, 969, 926, 1224, 86882, 57669, 905, 7153
191, 608, 527, 969, 2064, 1193, 858, 1217, 4993, 745, 750, 3683, 1228
192, 6016, 1228, 1945, 905, 930, 5971, 2064, 912, 5995, 3683, 904, 2324
193, 7502, 905, 912, 1258, 2959, 1193, 106920, 1945, 590, 2019, 1228, 7153
194, 318, 1304, 1217, 2064, 4011, 922, 1254, 1203, 912, 3462, 899, 3088
195, 3030, 745, 4973, 50, 1148, 2997, 1361, 3730, 750, 1212, 1945, 1617
196, 904, 926, 318, 2064, 7669, 750, 858, 1172, 1254, 969, 912, 4235
197, 3462, 1948, 905, 1361, 920, 6918, 2064, 1228, 527, 1252, 593, 3088
198, 527, 318, 3462, 111, 904, 1207, 926, 296, 1196, 2019, 2318, 745
199, 1089, 1172, 913, 908, 1147, 903, 969, 3083, 1250, 912, 307, 1260
200, 3683, 2318, 55820, 608, 58559, 6016, 306, 7502, 50, 111, 534, 1217
201, 1221, 899, 1203, 2064, 1254, 2318, 7502, 1361, 3462, 4235, 2973, 994
202, 1228, 59315, 912, 1276, 1945, 905, 110, 2028, 904, 750, 994, 2318
203, 1172, 527, 2064, 905, 7502, 904, 1945, 969, 926, 1204, 1060, 31658
204, 926, 318, 858, 3462, 307, 1259, 1221, 608, 750, 2064, 2396, 527
205, 969, 1204, 318, 908, 1217, 2804, 1136, 922, 1948, 134853, 4963, 3070
206, 50, 858, 318, 1221, 3462, 1136, 5971, 1203, 1217, 527, 922, 1276
207, 858, 1299, 7361, 593, 111, 2692, 318, 905, 4226, 88125, 2804, 1719
208, 318, 1254, 260, 858, 50, 608, 969, 1196, 899, 904, 68157, 1945
209, 296, 1254, 1252, 858, 4993, 969, 1228, 905, 913, 2959, 903, 2300
210, 905, 50, 1060, 1203, 913, 3462, 899, 898, 6787, 969, 926, 6016
211, 1172, 318, 1945, 912, 260, 2064, 2959, 903, 904, 1228, 1254, 1704
212, 3462, 735, 1196, 116797, 745, 3310, 1228, 608, 390, 926, 905, 1254
213, 969, 3088, 81845, 905, 1203, 900, 116797, 1225, 40819, 1411, 142488, 994
214, 969, 2318, 1148, 905, 1276, 4993, 1945, 2959, 5952, 1203, 48516, 1228
215, 1252, 318, 6016, 1172, 1228, 2064, 926, 2692, 2959, 905, 308, 923
216, 858, 1203, 7502, 2542, 50, 905, 6016, 1217, 903, 1252, 1228, 296
217, 903, 48516, 920, 926, 1252, 68157, 969, 1217, 1276, 899, 1212, 7153
218, 926, 1147, 3462, 913, 994, 1276, 969, 1203, 296, 2318, 858, 1217
219, 3730, 2973, 1203, 4973, 306, 913, 1276, 1292, 1278, 3022, 904, 4011
220, 534, 318, 1217, 69481, 1952, 919, 905, 1060, 1299, 1172, 2502, 5060
221, 969, 913, 2318, 1252, 50, 1213, 1276, 1196, 1172, 318, 908, 1288
222, 50, 1254, 3462, 318, 306, 858, 1276, 1228, 954, 308, 1960, 2571
223, 926, 1254, 913, 905, 1221, 1228, 4993, 969, 1203, 88125, 953, 5952
224, 858, 908, 6016, 905, 1228, 7502, 2019, 3683, 2959, 534, 969, 1217
225, 318, 7502, 1203, 1207, 527, 50, 2318, 969, 54997, 926, 1704, 1221
226, 1233, 969, 3462, 1304, 2542, 7502, 2329, 1212, 50, 2019, 1254, 48516
227, 745, 3088, 858, 969, 905, 1198, 1945, 318, 48516, 1197, 1196, 3462
228, 1089, 111, 1276, 745, 994, 1228, 3504, 969, 1060, 50, 1218, 858
229, 926, 260, 2542, 1252, 1203, 318, 7502, 1945, 2064, 1223, 2318, 527
230, 858, 2064, 31658, 1221, 1217, 905, 745, 527, 1148, 1945, 1203, 5971
231, 318, 527, 858, 1276, 1217, 4011, 1254, 898, 1172, 3462, 2064, 3037
232, 318, 7153, 2692, 28, 2329, 6539, 8961, 52435, 4886, 2542, 68237, 2690
233, 318, 912, 904, 899, 858, 905, 4878, 2959, 903, 527, 3462, 2019
234, 318, 1945, 2019, 905, 2318, 4973, 912, 3035, 4011, 1244, 7502, 1217
235, 858, 246, 926, 1147, 1203, 1945, 3730, 68157, 31658, 922, 745, 904
236, 858, 6016, 1278, 86882, 1299, 162, 3007, 2064, 55820, 1189, 3468, 2324
237, 953, 903, 858, 904, 923, 1204, 293, 1252, 905, 1217, 308, 3037
238, 31658, 1060, 1228, 905, 1299, 994, 7502, 920, 1303, 922, 1948, 745
239, 2959, 926, 318, 7502, 2542, 5444, 1276, 2804, 5971, 308, 1704, 2318
240, 858, 1254, 1219, 3462, 1203, 1252, 3088, 926, 1172, 1276, 5995, 899
241, 858, 953, 111, 926, 1172, 913, 912, 534, 608, 908, 903, 2064
242, 7153, 1136, 1258, 2019, 745, 1148, 4011, 1199, 1217, 1228, 2973, 3007
243, 858, 926, 1945, 3462, 1203, 6787, 905, 1254, 2973, 2917, 50, 1304
244, 2804, 50, 1197, 899, 3006, 922, 1136, 1204, 905, 3468, 858, 6787
245, 318, 969, 3683, 1175, 1948, 905, 1209, 4427, 86882, 922, 2318, 7502
246, 318, 1945, 260, 905, 1060, 1228, 2064, 1172, 912, 3683, 1207, 899
247, 1198, 318, 1221, 1196, 5952, 858, 7153, 1203, 4993, 1259, 7502, 1228
248, 1172, 2064, 1221, 246, 926, 1203, 1945, 898, 1228, 858, 1148, 1276
249, 1221, 912, 858, 1217, 2019, 899, 904, 318, 7502, 2318, 4226, 3462
250, 926, 1945, 31658, 3462, 912, 905, 1254, 2692, 1250, 7502, 86882, 1136
251, 318, 2318, 858, 1221, 745, 1203, 6016, 1299, 905, 969, 2324, 1276
252, 969, 2467, 1291, 1217, 2064, 1203, 899, 926, 1948, 5618, 7153, 58559
253, 1203, 6016, 86882, 527, 1945, 3362, 1939, 2973, 2064, 2318, 3035, 475
254, 913, 905, 1276, 1204, 858, 1203, 926, 1221, 1172, 2064, 969, 2019
255, 608, 745, 5995, 1247, 50, 4226, 3035, 1252, 1221, 969, 318, 913
256, 48516, 1945, 922, 969, 926, 318, 1223, 1147, 81845, 5444, 56782, 1209
257, 1217, 858, 2324, 7502, 534, 1299, 1641, 5952, 2648, 2329, 1204, 527
258, 969, 318, 50, 908, 1207, 1213, 926, 1203, 1197, 923, 5995, 475
259, 969, 926, 5618, 1172, 2064, 858, 905, 1221, 898, 1060, 1228, 1276
260, 4993, 7153, 5952, 1254, 2973, 1197, 50, 926, 2542, 2467, 1203, 56782
261, 2318, 905, 1228, 59315, 1203, 50068, 2959, 2064, 111, 3468, 296, 904
262, 1196, 994, 745, 1060, 50, 913, 3911, 260, 58559, 1260, 1276, 1147
263, 1203, 1060, 2064, 950, 1945, 7153, 899, 260, 1276, 1254, 50, 926
264, 318, 858, 923, 1221, 750, 246, 969, 1945, 1204, 2064, 1252, 1060
265, 7153, 3310, 260, 926, 1060, 318, 1221, 4993, 4973, 5952, 1288, 68157
266, 1221, 1228, 969, 912, 858, 1148, 1945, 106920, 2019, 1217, 2858, 926
267, 1254, 858, 2064, 1212, 926, 1299, 4235, 5952, 2019, 5971, 953, 969
268, 720, 7502, 5995, 1221, 2973, 1945, 2064, 2289, 951, 106782, 745, 926
269, 318, 527, 608, 858, 1304, 920, 3462, 750, 922, 969, 1193, 1217
270, 318, 7502, 926, 1193, 1252, 969, 1203, 2858, 3462, 1089, 912, 1212
271, 912, 969, 7502, 926, 858, 4973, 1945, 905, 2318, 1221, 6787, 1204
272, 1254, 858, 745, 318, 1212, 5995, 296, 928, 57669, 56782, 1203, 994
273, 920, 1221, 1945, 926, 3462, 1252, 7502, 3035, 1203, 318, 1304, 1948
274, 858, 969, 6016, 926, 527, 3462, 922, 953, 1060, 1304, 318, 905
275, 2064, 2692, 926, 1217, 1254, 1945, 905, 3035, 741, 527, 31658, 318
276, 296, 2858, 1203, 1945, 905, 318, 1252, 858, 1299, 913, 6787, 31658
277, 1217, 905, 2542, 1299, 2692, 1237, 2329, 1204, 2318, 1198, 2019, 1250
278, 318, 858, 3462, 1203, 1221, 1254, 926, 50, 194, 4973, 898, 1060
279, 3462, 1217, 3730, 2318, 6016, 7502, 2542, 1221, 2064, 858, 1254, 1961
280, 2692, 1252, 318, 50, 1233, 858, 527, 750, 6016, 3462, 1945, 969
281, 1254, 534, 1172, 7502, 1221, 954, 2064, 1212, 2599, 745, 318, 2542
282, 134853, 7502, 1217, 1203, 3362, 926, 2289, 68237, 1204, 2467, 56782, 48304
283, 954, 319, 68157, 858, 904, 1258, 31658, 920, 912, 1192, 40629, 2804
284, 318, 50, 260, 1228, 745, 527, 31658, 1217, 296, 4427, 1287, 2501
285, 3462, 1209, 1147, 58559, 1252, 4993, 1945, 1288, 48780, 1233, 923, 1060
286, 318, 905, 1254, 912, 3462, 1704, 2064, 527, 69844, 1217, 3088, 356
287, 1172, 1293, 50, 222, 265, 272, 296, 497, 527, 318, 778, 2318
288, 318, 858, 904, 926, 908, 750, 68157, 7502, 905, 1212, 1217, 903
289, 296, 858, 898, 1172, 905, 912, 926, 306, 106782, 1228, 318, 50
290, 318, 2318, 2959, 913, 745, 1500, 1201, 78499, 926, 1199, 1203, 1217
291, 4973, 593, 745, 1221, 527, 858, 608, 1217, 260, 913, 8132, 922
292, 926, 1252, 899, 1172, 3462, 308, 1203, 1136, 1217, 31658, 4973, 904
293, 969, 2064, 50, 1276, 1304, 318, 916, 1204, 2692, 994, 2542, 1235
294, 5971, 2064, 3007, 475, 1203, 994, 48516, 534, 3088, 1204, 1948, 1228
295, 1945, 1203, 2064, 7502, 1197, 3035, 2542, 916, 905, 233, 926, 1204
296, 318, 2318, 3462, 1147, 1945, 1203, 905, 1276, 527, 81845, 260, 858
297, 318, 912, 926, 1079, 1250, 922, 1939, 57669, 913, 3147, 1945, 1212
298, 1172, 1293, 1953, 2968, 3671, 17, 50, 222, 296, 497, 527, 1197
299, 858, 926, 1060, 1203, 6016, 905, 7502, 913, 1221, 50, 1299, 2064
300, 318, 1254, 50, 2064, 527, 1945, 1193, 745, 1704, 1060, 2019, 1203
301, 1276, 527, 858, 2019, 1207, 111, 2959, 318, 3462, 55820, 2918, 608
302, 318, 7502, 1228, 994, 1276, 913, 1193, 1203, 50, 2692, 2917, 1172
303, 926, 3462, 1203, 1228, 4235, 1945, 912, 905, 1252, 306, 2318, 111
304, 111, 858, 750, 745, 86882, 1252, 4226, 908, 1617, 969, 1212, 1227
305, 926, 1221, 1203, 899, 1212, 3462, 858, 905, 969, 922, 1207, 2973
306, 2318, 1207, 111, 3435, 3462, 3362, 1221, 1939, 1945, 913, 912, 926
307, 926, 899, 3683, 3462, 7502, 1247, 1254, 88125, 1945, 1217, 898, 912
308, 1361, 31658, 2324, 3730, 306, 7502, 308, 1254, 1203, 1210, 926, 899
309, 969, 1252, 2571, 926, 3030, 7502, 1945, 908, 307, 1147, 1219, 2318
310, 912, 68157, 903, 5971, 899, 318, 1258, 1252, 2019, 293, 2959, 2064
311, 116797, 3462, 2064, 3683, 5669, 4896, 46578, 3543, 2203, 50068, 5971, 2542
312, 750, 913, 1252, 924, 1256, 1197, 1136, 898, 6787, 908, 3462, 4226
313, 2064, 4896, 920, 1204, 1945, 969, 926, 5971, 912, 93510, 1228, 3683
314, 2064, 994, 1172, 2973, 233, 858, 44555, 3462, 1228, 106782, 2692, 2762
315, 608, 1252, 318, 858, 1197, 527, 6016, 1217, 913, 1222, 1221, 593
316, 318, 1172, 858, 1207, 1060, 904, 1254, 905, 1221, 356, 969, 899
317, 969, 926, 7502, 1203, 2064, 1221, 54997, 908, 106920, 899, 1252, 905
318, 318, 969, 898, 1228, 1197, 6016, 1276, 246, 1203, 50, 56782, 2318
319, 1254, 318, 31658, 1945, 260, 56782, 1203, 2064, 926, 905, 969, 922
320, 926, 1945, 913, 858, 4993, 50, 905, 1203, 1276, 2542, 2019, 3462
321, 912, 922, 919, 926, 318, 31658, 4973, 908, 2019, 899, 994, 898
322, 111, 969, 1217, 994, 534, 7153, 908, 1228, 1211, 2917, 7502, 4993
323, 1276, 1254, 922, 898, 926, 1172, 969, 7502, 1945, 3462, 1203, 904
324, 913, 3088, 1304, 969, 1203, 3462, 50, 2318, 1224, 750, 1228, 1276
325, 3462, 1945, 1203, 2318, 318, 2064, 926, 912, 1221, 905, 1304, 1148
326, 296, 4226, 2959, 260, 2318, 858, 899, 905, 904, 1945, 318, 6787
327, 969, 905, 926, 2064, 318, 858, 7153, 2762, 1945, 6016, 1193, 3683
328, 1221, 6016, 8132, 1945, 69481, 1252, 926, 2542, 57669, 922, 858, 7502
329, 926, 1221, 858, 908, 905, 527, 2064, 1204, 7502, 1203, 1945, 969
330, 6016, 1207, 1217, 2804, 2542, 969, 1060, 88125, 2324, 5995, 905, 912
331, 913, 858, 969, 2973, 1228, 903, 926, 1221, 1258, 2064, 2318, 1945
332, 858, 1221, 904, 1945, 1209, 5114, 745, 905, 994, 7502, 1193, 2289
333, 3462, 1276, 7502, 1217, 1207, 1221, 1203, 1945, 4973, 2467, 926, 50
334, 926, 7502, 2318, 903, 905, 904, 912, 527, 1287, 1136, 306, 31658
335, 2064, 1172, 926, 1254, 1219, 913, 318, 3310, 1252, 3730, 912, 1276
336, 1221, 318, 7502, 858, 1148, 2019, 6787, 3462, 6016, 608, 111, 1263
337, 1221, 912, 2324, 926, 1136, 858, 4993, 1704, 899, 1203, 318, 3468
338, 858, 926, 3462, 1221, 903, 1304, 2064, 1172, 1224, 905, 1945, 1060
339, 899, 1254, 2324, 8132, 3730, 912, 306, 898, 1207, 2300, 1276, 1203
340, 1060, 527, 2300, 1203, 1217, 1228, 1945, 2064, 260, 1254, 745, 2858
341, 1217, 922, 1207, 969, 858, 1252, 1196, 1953, 3462, 1945, 1281, 1276
342, 1172, 7502, 2064, 926, 1254, 4235, 106920, 48780, 3035, 3730, 2858, 2542
343, 1196, 50, 4993, 5952, 4226, 2959, 7502, 926, 47, 593, 58559, 2064
344, 4226, 608, 912, 905, 1060, 2804, 6787, 2396, 926, 951, 1224, 28
345, 3462, 515, 750, 1299, 1256, 926, 46578, 48780, 951, 898, 1221, 1212
346, 1945, 954, 1361, 969, 54881, 1086, 4973, 5628, 307, 3310, 57669, 26131
347, 50, 2064, 899, 318, 1304, 904, 6016, 1276, 1228, 1203, 308, 2318
348, 318, 2502, 1209, 116797, 48516, 1224, 1945, 1203, 50, 2064, 1198, 1276
349, 1221, 527, 318, 858, 745, 1252, 2318, 1217, 2858, 1948, 6016, 923
350, 1250, 54997, 1193, 7502, 926, 1299, 3035, 527, 2300, 7153, 110, 3000
351, 1217, 1204, 745, 1228, 3462, 3007, 1136, 56782, 1203, 969, 116797, 2917
352, 3462, 922, 1203, 1945, 904, 926, 994, 910, 905, 1217, 969, 913
353, 926, 106782, 7802, 904, 6016, 1206, 7502, 4226, 1203, 1227, 111, 608
354, 969, 608, 2692, 913, 48516, 50, 3462, 1262, 1278, 1172, 750, 1147
355, 1254, 1945, 912, 926, 608, 923, 106782, 1252, 1147, 1203, 68157, 5995
356, 296, 2502, 1136, 858, 608, 1945, 1217, 1258, 1196, 7361, 2064, 954
357, 50, 296, 527, 593, 318, 1210, 7153, 58559, 260, 1136, 1196, 1198
358, 1204, 750, 1263, 2076, 4027, 4226, 6662, 904, 3088, 2997, 1219, 2102
359, 926, 55820, 7153, 904, 899, 296, 50, 78499, 534, 7502, 2318, 2329
360, 858, 1221, 7502, 2064, 1228, 2959, 926, 318, 1203, 994, 898, 88125
361, 4011, 969, 1203, 1172, 475, 994, 1945, 318, 2542, 50, 1204, 1228
362, 969, 1196, 2318, 2064, 1148, 2692, 905, 1948, 527, 3462, 1252, 306
363, 858, 912, 4973, 922, 593, 3462, 4226, 5995, 969, 31658, 913, 1212
364, 1219, 1276, 1217, 6643, 6773, 1233, 1945, 6016, 2690, 7669, 28, 3468
365, 1228, 527, 1203, 905, 5952, 260, 318, 2571, 457, 7502, 1221, 1198
366, 1217, 7153, 1254, 926, 2064, 6787, 898, 922, 3362, 2186, 3462, 608
367, 593, 501, 3683, 1276, 70286, 318, 3471, 1193, 903, 2300, 527, 905
368, 318, 1224, 527, 1136, 2318, 50, 905, 1196, 296, 2973, 6787, 608
369, 608, 922, 1945, 1203, 858, 951, 48516, 1193, 3462, 593, 1704, 1217
370, 6016, 926, 3462, 1945, 858, 905, 1299, 922, 2064, 1217, 2917, 1203
371, 969, 1204, 3362, 2232, 306, 86882, 913, 1276, 194, 1246, 534, 2692
372, 318, 899, 905, 1704, 1254, 1945, 908, 76093, 1147, 3683, 54259, 1198
373, 593, 1207, 913, 750, 953, 1213, 926, 908, 898, 3435, 904, 2300
374, 926, 318, 260, 527, 232, 2064, 1247, 912, 2959, 1228, 3035, 1172
375, 858, 608, 1221, 6787, 50, 1252, 994, 3462, 1060, 2019, 913, 1948
376, 905, 4993, 2959, 1217, 6016, 2542, 296, 7153, 2019, 2917, 1203, 260
377, 318, 608, 50, 1193, 593, 7153, 3462, 1217, 969, 5971, 5995, 1136
378, 2019, 608, 356, 858, 1148, 913, 3952, 924, 1247, 111, 1358, 1276
379, 260, 1060, 905, 3462, 899, 1172, 2019, 926, 1204, 1203, 3468, 908
380, 923, 1213, 1198, 912, 2289, 908, 969, 905, 111, 926, 373, 2318
381, 2692, 5995, 1262, 953, 1197, 2973, 1221, 6016, 1278, 1945, 1223, 3504
382, 1203, 3952, 926, 7502, 5971, 1293, 50, 98491, 57669, 1207, 2917, 152081
383, 2019, 904, 858, 745, 1203, 920, 905, 1247, 50, 913, 3035, 1221
384, 1227, 1221, 1945, 78499, 1252, 926, 1948, 1089, 4235, 2064, 229, 1254
385, 7153, 7502, 913, 912, 3462, 2467, 1197, 969, 116797, 3030, 926, 4993
386, 318, 969, 913, 296, 608, 1197, 953, 858, 1212, 926, 1276, 908
387, 671, 1136, 745, 2318, 4226, 4993, 6787, 17, 48780, 2324, 2692, 1147
388, 905, 3035, 1206, 48516, 1945, 106782, 3307, 39183, 104283, 951, 497, 3462
389, 527, 1221, 1197, 4993, 858, 1203, 745, 2064, 969, 2858, 3035, 1193
390, 7153, 1945, 1704, 1968, 1948, 5618, 745, 527, 497, 969, 3462, 1175
391, 858, 593, 926, 898, 1299, 905, 5995, 922, 7361, 7153, 911, 1221
392, 318, 1172, 858, 296, 5995, 904, 608, 68157, 905, 912, 3363, 1228
393, 318, 969, 3683, 1945, 1228, 50, 593, 1193, 1299, 7502, 1254, 2064
394, 969, 233, 1704, 2804, 232, 4973, 73017, 1912, 535, 2231, 223, 951
395, 1172, 912, 858, 4993, 1221, 3462, 905, 527, 31658, 926, 1254, 1304
396, 926, 1203, 3462, 318, 1945, 2064, 3007, 913, 969, 31658, 955, 4027
397, 318, 858, 296, 608, 2858, 1299, 593, 2318, 527, 1089, 1193, 778
398, 318, 903, 908, 899, 48516, 905, 969, 6016, 81845, 1224, 3088, 1203
399, 858, 969, 1221, 750, 1228, 905, 926, 1299, 1252, 898, 1172, 1945
400, 858, 905, 260, 1945, 3462, 293, 2692, 1203, 2064, 2959, 1228, 3578
401, 1172, 50, 223, 527, 318, 1197, 2762, 7361, 58559, 858, 913, 919
402, 318, 1280, 1293, 1203, 2064, 1945, 50068, 529, 6016, 106696, 1193, 68237
403, 2019, 1212, 318, 1203, 3435, 926, 745, 2973, 1254, 2542, 1939, 922
404, 926, 2324, 5971, 1148, 905, 318, 745, 1293, 1945, 2019, 3007, 2064
405, 1254, 903, 926, 1945, 953, 233, 905, 306, 3462, 1172, 7698, 1253
406, 318, 905, 1276, 1172, 50, 969, 913, 1945, 1254, 56782, 926, 1939
407, 858, 1221, 898, 6016, 3088, 1252, 953, 1225, 905, 1230, 1299, 1207
408, 899, 994, 1233, 3020, 923, 293, 1212, 1228, 4878, 968, 68237, 115569
409, 858, 912, 2542, 6016, 1204, 1217, 534, 1945, 778, 1219, 1254, 1060
410, 7502, 1203, 48516, 1945, 31658, 1196, 232, 2467, 1291, 2959, 994, 112852
411, 1945, 1252, 1203, 3683, 529, 2064, 7502, 1254, 1247, 1060, 922, 905
412, 1304, 1221, 5952, 908, 969, 1617, 1264, 1089, 1198, 1387, 1228, 7099
413, 296, 318, 1228, 858, 905, 246, 912, 1060, 88125, 527, 1254, 50
414, 3462, 750, 1203, 1945, 50, 1276, 745, 3469, 905, 233, 2571, 318
415, 969, 2064, 1203, 76093, 926, 1172, 589, 908, 953, 905, 1291, 48516
416, 922, 318, 4973, 6016, 1217, 926, 750, 3462, 1276, 969, 913, 56782
417, 969, 858, 1221, 3462, 926, 1945, 2973, 994, 48516, 3897, 750, 6787
418, 969, 1254, 2064, 926, 2542, 968, 142488, 2329, 116797, 92259, 3088, 57669
419, 1252, 908, 1221, 318, 750, 111, 1208, 1237, 1250, 1204, 1212, 1217
420, 50, 858, 1227, 1276, 318, 1203, 2329, 3683, 55820, 6016, 7361, 2064
421, 1203, 2019, 905, 926, 1247, 608, 1228, 1276, 969, 2858, 1299, 7502
422, 969, 1299, 922, 908, 1193, 1217, 1228, 904, 1254, 1136, 953, 48516
423, 912, 924, 8132, 1172, 2858, 3730, 923, 926, 1212, 306, 994, 175
424, 318, 608, 912, 904, 527, 3462, 922, 2318, 903, 858, 6016, 1276
425, 6016, 608, 534, 1217, 2692, 8132, 969, 2300, 1089, 3462, 2064, 7502
426, 7502, 92259, 115122, 6016, 1210, 1203, 926, 30749, 953, 31658, 52967, 922
427, 858, 296, 47, 260, 913, 1221, 3030, 1060, 1252, 50, 905, 6787
428, 750, 3683, 7502, 51540, 2064, 1252, 2289, 1945, 106782, 2359, 318, 904
429, 318, 608, 50, 922, 1060, 306, 48516, 1305, 1276, 1203, 3462, 1204
430, 3022, 1299, 7502, 1221, 1206, 68157, 31658, 5995, 515, 1060, 922, 924
431, 1203, 593, 608, 926, 905, 56782, 735, 969, 5444, 2318, 296, 308
432, 527, 260, 1203, 905, 1207, 1945, 1197, 1198, 1361, 1221, 969, 904
433, 1252, 2064, 1217, 2542, 7502, 1945, 1221, 3000, 1250, 898, 2318, 1276
434, 1197, 1217, 1136, 5618, 908, 2318, 3462, 6016, 2571, 671, 2692, 1089
435, 858, 2064, 1208, 1172, 912, 296, 50, 923, 1288, 904, 608, 1945
436, 745, 68157, 1304, 905, 1361, 858, 903, 1212, 1172, 6016, 954, 4235
437, 318, 608, 3730, 1228, 913, 593, 912, 923, 50, 1203, 1288, 1219
438, 858, 1252, 1221, 905, 1945, 593, 1276, 2959, 31658, 4235, 608, 1203
439, 2959, 4993, 7502, 296, 1147, 1276, 904, 3504, 3363, 109487, 2064, 1203
440, 527, 969, 745, 1148, 1945, 3730, 7502, 905, 1198, 1221, 5952, 1193
441, 926, 905, 111, 1060, 899, 969, 50, 7502, 916, 1221, 1207, 1212
442, 1172, 1228, 1945, 905, 7502, 6016, 1203, 1223, 2064, 1225, 87232, 2467
443, 1172, 1293, 50, 296, 527, 2318, 5669, 7153, 50068, 58559, 858, 903
444, 2318, 318, 913, 2300, 899, 912, 260, 926, 2064, 969, 7153, 3362
445, 7502, 1203, 2318, 50, 905, 1197, 308, 969, 6016, 1254, 2064, 4011
446, 50, 593, 1197, 2959, 58559, 858, 913, 2064, 2289, 1276, 2019, 2692
447, 858, 527, 1276, 905, 2318, 1254, 969, 1196, 1228, 926, 1221, 56782
448, 858, 1221, 534, 233, 926, 994, 4235, 969, 31658, 1948, 2064, 953
449, 858, 2064, 1221, 905, 4993, 50, 1228, 527, 926, 2571, 2318, 3462
450, 1968, 913, 1299, 3022, 3462, 1148, 1189, 1292, 3730, 1278, 1262, 1305
451, 1221, 31658, 858, 534, 3730, 111, 1223, 905, 1148, 745, 912, 953
452, 6874, 3462, 1939, 2019, 905, 3035, 954, 951, 922, 233, 31658, 720
453, 260, 1276, 527, 926, 318, 969, 1148, 50, 608, 2318, 593, 1299
454, 1204, 194, 912, 1247, 905, 1172, 2019, 527, 4226, 2064, 534, 68157
455, 969, 2571, 1196, 2318, 50, 2692, 1221, 994, 2359, 908, 1203, 7153
456, 926, 898, 296, 50, 111, 969, 899, 1060, 1147, 858, 1254, 3462
457, 750, 3504, 1228, 1267, 3307, 3022, 3200, 905, 6787, 2019, 8228, 1172
458, 1254, 1217, 260, 954, 1276, 5971, 969, 3362, 1945, 1203, 1060, 1225
459, 858, 904, 913, 926, 922, 969, 2289, 1203, 1221, 6016, 7502, 1136
460, 1262, 1240, 969, 923, 858, 534, 926, 953, 3468, 1212, 111, 1361
461, 969, 1945, 3983, 7502, 2692, 3683, 1136, 908, 48516, 1147, 1276, 79702
462, 527, 318, 1148, 1217, 858, 3462, 1276, 6016, 1221, 912, 1089, 1254
463, 7153, 899, 5995, 1228, 926, 898, 1203, 5971, 1272, 106782, 912, 1945
464, 858, 1136, 1196, 1208, 1288, 2064, 1221, 2571, 745, 4993, 912, 922
465, 1221, 969, 994, 2064, 246, 899, 296, 1252, 912, 111, 926, 1228
466, 922, 750, 1204, 4973, 1276, 1207, 969, 1199, 908, 926, 3462, 1272
467, 318, 1172, 527, 1252, 2019, 912, 1258, 913, 31658, 5995, 922, 951
468, 1217, 1060, 88125, 306, 8132, 1299, 969, 4235, 194, 1361, 745, 8228
469, 1228, 3683, 1945, 318, 1217, 50, 5995, 1148, 2318, 7153, 7502, 2064
470, 7502, 1221, 1217, 56782, 534, 1204, 76093, 1197, 1203, 3462, 1136, 899
471, 926, 858, 969, 1221, 1203, 905, 922, 31658, 68157, 318, 3462, 5995
472, 994, 1945, 4103, 48516, 64839, 4226, 907, 7502, 319, 2076, 471, 1262
473, 50, 527, 318, 778, 2318, 2858, 858, 1221, 2019, 745, 32, 2324
474, 296, 1207, 920, 608, 318, 7502, 4235, 926, 527, 5995, 4993, 953
475, 593, 50, 912, 4226, 923, 1625, 905, 1617, 969, 899, 2858, 3683
476, 318, 1217, 858, 922, 2300, 1221, 750, 1193, 3462, 2019, 745, 969
477, 969, 954, 527, 1276, 2324, 2064, 608, 1304, 307, 900, 1060, 318
478, 1203, 2064, 1254, 7502, 1217, 2692, 1136, 3462, 969, 1196, 2318, 953
479, 356, 969, 306, 923, 1203, 48516, 1246, 3730, 905, 3037, 1254, 50872
480, 2064, 1948, 745, 1361, 926, 3469, 1704, 913, 1198, 1203, 7215, 1250
481, 50, 913, 1060, 671, 994, 3435, 1237, 953, 928, 2318, 6787, 1203
482, 318, 1204, 296, 1198, 904, 912, 1217, 260, 858, 1252, 2064, 48516
483, 994, 913, 2289, 2300, 1252, 4128, 1228, 1219, 296, 1147, 969, 908
484, 318, 1172, 50, 1945, 1193, 3007, 905, 1203, 3462, 1228, 306, 260
485, 926, 318, 2064, 527, 7153, 1945, 2467, 7502, 3462, 1207, 5971, 1197
486, 7502, 969, 1945, 318, 913, 926, 1252, 1221, 1259, 2300, 1148, 1089
487, 260, 1172, 905, 1250, 913, 1203, 1945, 2064, 969, 1228, 58559, 926
488, 318, 1172, 969, 3462, 475, 905, 2064, 1276, 1952, 954, 858, 904
489, 318, 4993, 1252, 50, 1217, 926, 296, 3462, 913, 1228, 7502, 1219
490, 1217, 926, 898, 6016, 899, 2064, 905, 3088, 1224, 915, 969, 1207
491, 750, 318, 969, 926, 7153, 3462, 1276, 1203, 1945, 922, 1256, 2064
492, 1217, 2064, 858, 1254, 969, 7502, 1276, 2132, 912, 2467, 4973, 1203
493, 4306, 7502, 899, 4993, 2064, 6016, 5995, 2571, 534, 3683, 1254, 306
494, 2064, 608, 994, 969, 926, 904, 4993, 2692, 913, 1228, 306, 905
495, 318, 905, 1228, 1217, 3462, 912, 2542, 4993, 2019, 7502, 1704, 858
496, 527, 858, 1221, 2571, 2324, 1217, 1254, 1148, 3730, 3007, 31658, 905
497, 912, 858, 905, 903, 1060, 2019, 1252, 593, 898, 922, 3088, 1254
498, 1221, 858, 318, 50, 111, 2959, 2329, 7361, 534, 2858, 904, 5971
499, 1252, 969, 3462, 318, 296, 608, 1147, 912, 908, 3468, 951, 4226
500, 116797, 109374, 969, 1217, 4223, 307, 922, 1276, 63876, 1224, 1211, 1199
501, 1254, 905, 922, 930, 110, 54997, 969, 3462, 953, 3006, 1252, 1147
502, 4878, 969, 922, 904, 1217, 1276, 3462, 913, 920, 926, 48516, 2804
503, 745, 969, 3462, 1304, 318, 913, 2318, 1212, 1276, 1203, 1221, 1148
504, 2542, 1217, 4993, 2467, 1203, 899, 2571, 55820, 1254, 1221, 858, 56782
505, 4235, 2064, 68157, 48516, 31658, 6016, 1211, 5971, 916, 1217, 1224, 106782
506, 318, 527, 1948, 1262, 1148, 1276, 6016, 2019, 745, 1193, 5971, 1175
507, 1228, 994, 2571, 3683, 1217, 928, 2467, 7502, 898, 903, 899, 8132
508, 858, 2858, 2019, 1221, 1247, 926, 3462, 905, 6016, 260, 1276, 1196
509, 58559, 926, 913, 3462, 48780, 7502, 3310, 1254, 953, 1237, 905, 3435
510, 111, 50, 534, 924, 858, 994, 1278, 1262, 1221, 3022, 2064, 1178
511, 527, 1060, 858, 306, 898, 106782, 905, 2064, 7502, 1172, 778, 2959
512, 527, 1276, 1207, 1204, 608, 593, 969, 2542, 2959, 6016, 1203, 2019
513, 608, 1252, 858, 745, 1219, 1217, 1136, 913, 2692, 926, 2019, 1203
514, 858, 1221, 3462, 904, 2289, 913, 1060, 3683, 1945, 1228, 2959, 1299
515, 318, 858, 1221, 1304, 1945, 6016, 969, 1299, 905, 2064, 3007, 926
516, 926, 3462, 912, 858, 922, 904, 1172, 1212, 4973, 905, 750, 1945
517, 1172, 50, 235, 318, 2858, 5669, 58559, 858, 913, 1089, 1259, 1968
518, 497, 1704, 2324, 58559, 1288, 969, 2318, 3035, 308, 54286, 1357, 916
519, 1217, 969, 926, 2467, 56782, 994, 1945, 1411, 1197, 4235, 913, 953
520, 608, 6787, 924, 2064, 926, 106782, 913, 1250, 1288, 1945, 899, 293
521, 2692, 1254, 905, 111, 2064, 926, 2019, 969, 1945, 1276, 475, 3362
522, 5995, 926, 318, 1060, 2973, 246, 78499, 1259, 4235, 1252, 1258, 912
523, 527, 2467, 1203, 1217, 6016, 926, 3730, 7502, 475, 2019, 2318, 2064
524, 1254, 969, 318, 2064, 3088, 745, 1217, 926, 7502, 899, 1212, 6016
525, 2959, 926, 1254, 7153, 930, 5952, 955, 968, 233, 1299, 905, 994
526, 318, 3462, 926, 2959, 110, 86882, 1203, 2019, 858, 7502, 916, 4235
527, 111, 55820, 1217, 1228, 318, 2692, 994, 7502, 31658, 109487, 1204, 232
528, 969, 318, 750, 903, 913, 1304, 1217, 6016, 1267, 912, 7502, 1148
529, 2692, 1217, 2571, 31658, 1204, 1172, 954, 2329, 296, 54286, 6283, 1357
530, 1945, 1250, 969, 1276, 1939, 31658, 1197, 912, 475, 2318, 2692, 858
531, 3462, 1203, 922, 1259, 1207, 3167, 88125, 44555, 50, 2396, 1276, 318
532, 1945, 260, 318, 1252, 745, 923, 6016, 899, 912, 3088, 969, 1219
533, 7153, 4993, 5952, 1210, 3462, 905, 475, 2329, 2542, 1291, 2959, 1221
534, 2542, 4993, 1291, 7153, 7502, 745, 5952, 78499, 905, 86377, 4011, 92259
535, 1252, 1196, 994, 858, 1221, 1233, 7153, 1203, 3462, 1237, 2917, 2542
536, 5995, 1276, 1203, 1945, 1035, 3462, 858, 2997, 1254, 745, 1193, 1252
537, 858, 1254, 1060, 3462, 5995, 56782, 2973, 1262, 306, 2728, 2324, 968
538, 1172, 3462, 908, 527, 1211, 1254, 953, 3683, 356, 922, 898, 905
539, 1221, 926, 858, 1299, 1276, 2324, 994, 1148, 1203, 905, 969, 1945
540, 858, 969, 1221, 912, 1207, 3462, 905, 1945, 1204, 904, 1228, 1212
541, 318, 3462, 926, 858, 1252, 1221, 1203, 7502, 50, 1945, 4235, 608
542, 969, 1148, 745, 1203, 953, 1276, 904, 905, 2318, 923, 2019, 50
543, 1293, 1953, 50, 222, 356, 497, 527, 318, 2318, 2858, 50068, 903
544, 1172, 318, 903, 2064, 1276, 48516, 246, 306, 904, 908, 926, 1060
545, 1252, 924, 994, 50, 1203, 3462, 750, 2959, 3022, 899, 3246, 926
546, 515, 1197, 2028, 2318, 44191, 1136, 2467, 1221, 111, 4973, 608, 2501
547, 29, 115617, 2071, 3000, 68073, 3114, 3035, 31658, 115122, 1136, 81229, 1197
548, 1203, 1217, 6016, 1276, 926, 922, 3462, 527, 3362, 3683, 1291, 913
549, 969, 1945, 1196, 4993, 2959, 913, 926, 912, 1252, 296, 1212, 1247
550, 858, 1060, 923, 6787, 6016, 307, 2959, 318, 2064, 745, 750, 4226
551, 260, 899, 905, 1196, 1221, 2019, 33166, 68157, 2959, 3952, 1203, 912
552, 1252, 1219, 1203, 969, 926, 1221, 994, 5995, 1172, 608, 1228, 7502
553, 593, 78499, 2064, 1217, 905, 116797, 2542, 926, 1203, 475, 3007, 1228
554, 1221, 969, 905, 745, 912, 2064, 2318, 306, 1198, 318, 6016, 1948
555, 1217, 905, 858, 1172, 1952, 1299, 3462, 1060, 88125, 750, 1211, 1254
556, 2064, 1704, 5971, 1280, 2019, 745, 2762, 1198, 969, 1945, 1147, 1304
557, 858, 2959, 1221, 527, 912, 2502, 1270, 905, 904, 1217, 6016, 3476
558, 318, 2762, 7502, 750, 926, 1252, 905, 6016, 3730, 1262, 68157, 57669
559, 50, 2959, 2064, 111, 1704, 905, 2542, 5971, 86882, 2300, 2858, 48780
560, 3462, 1203, 7502, 1945, 1224, 2467, 2542, 1217, 50, 905, 2064, 1233
561, 1945, 969, 4011, 741, 1217, 1219, 1948, 904, 858, 745, 3683, 2973
562, 1203, 3462, 926, 899, 2542, 2973, 1147, 1945, 968, 905, 58559, 1252
563, 926, 3462, 7502, 905, 1228, 534, 318, 7153, 1203, 1193, 3683, 48780
564, 1147, 3462, 4465, 4965, 3916, 5995, 28, 1276, 8132, 1946, 53123, 911
565, 969, 318, 527, 2692, 926, 1254, 2329, 905, 2019, 1203, 912, 4235
566, 50, 593, 2318, 7153, 260, 858, 1968, 1221, 5952, 4993, 608, 926
567, 1252, 2064, 6016, 2542, 913, 1250, 3468, 1217, 296, 1203, 1237, 2019
568, 7153, 58559, 2571, 5952, 4993, 1252, 1196, 1203, 1221, 1210, 260, 926
569, 1217, 7153, 1211, 1254, 5952, 4993, 7502, 78499, 926, 2318, 475, 1204
570, 1674, 745, 318, 969, 926, 2019, 475, 1228, 50068, 1299, 1361, 922
571, 50, 260, 318, 58559, 1254, 1217, 3252, 48516, 735, 88125, 899, 969
572, 1221, 745, 1217, 1136, 1252, 1228, 1197, 7502, 1361, 908, 905, 1172
573, 926, 318, 7502, 2329, 2804, 969, 858, 913, 608, 1217, 2542, 1254
574, 527, 1193, 593, 1060, 778, 1228, 2359, 913, 3462, 904, 899, 898
575, 8132, 7153, 926, 68237, 2324, 1288, 2064, 3310, 1204, 1217, 1208, 5952
576, 745, 2542, 2692, 1203, 50, 7502, 926, 1212, 1221, 1136, 318, 858
577, 1172, 50, 903, 913, 1219, 2804, 1276, 4226, 1201, 48516, 471, 750
578, 1228, 608, 969, 2329, 922, 7502, 1221, 2396, 926, 1252, 913, 2762
579, 858, 318, 1221, 1193, 2997, 905, 608, 1213, 2918, 50, 106782, 2973
580, 1299, 4226, 68157, 534, 922, 7502, 745, 1948, 1096, 3683, 1276, 1254
581, 5952, 1291, 4993, 7502, 110, 2064, 1217, 54881, 5971, 2917, 7153, 1563
582, 27773, 318, 2064, 2542, 3462, 2467, 111, 2501, 1203, 46578, 1276, 116797
583, 1172, 994, 1228, 7502, 111, 1254, 2064, 1945, 1089, 4993, 48780, 1217
584, 969, 2324, 2467, 905, 2692, 1304, 50, 7099, 1207, 1233, 79091, 1204
585, 608, 111, 4226, 2762, 2692, 1221, 475, 969, 56782, 953, 5618, 86882
586, 2064, 2804, 1060, 954, 1288, 55820, 899, 3683, 994, 5971, 6787, 515
587, 1148, 745, 3035, 31658, 57669, 1303, 7502, 1224, 8132, 3000, 116797, 3007
588, 7502, 858, 1197, 1617, 1089, 1252, 48516, 4993, 2019, 56782, 2858, 86882
589, 318, 6016, 1203, 50, 1674, 908, 905, 1217, 608, 3462, 969, 899
590, 260, 3462, 913, 1196, 1148, 1276, 969, 1945, 745, 1136, 8132, 1203
591, 926, 1172, 905, 6787, 912, 318, 1221, 2064, 4235, 7502, 899, 3462
592, 969, 68157, 4011, 905, 72226, 745, 69844, 3068, 1217, 904, 92259, 76093
593, 318, 3468, 1199, 923, 3462, 1147, 778, 260, 898, 88125, 1203, 608
594, 2019, 2959, 1276, 307, 111, 1250, 1299, 2318, 1945, 3030, 904, 318
595, 969, 1254, 858, 31658, 50, 527, 1172, 994, 1272, 1221, 913, 68157
596, 1228, 1217, 908, 913, 1945, 969, 750, 1280, 3462, 2289, 923, 7502
597, 858, 1203, 926, 318, 2289, 1299, 86882, 1387, 4226, 1204, 1089, 2019
598, 47, 1193, 7153, 593, 926, 608, 7502, 912, 2973, 6787, 899, 5995
599, 2064, 1172, 104913, 1211, 31658, 2502, 55820, 534, 1060, 926, 2329, 905
600, 318, 1203, 3683, 1217, 1228, 2318, 1197, 6016, 905, 50, 908, 1945
601, 1221, 50, 858, 1203, 296, 318, 3462, 260, 898, 6787, 1217, 969
602, 899, 908, 913, 926, 4993, 969, 1217, 858, 905, 1136, 1200, 2186
603, 1254, 2019, 1221, 1276, 923, 50, 969, 1212, 1148, 913, 920, 1304
604, 527, 318, 7502, 4993, 50, 1196, 1293, 1221, 3462, 2318, 1148, 1252
605, 296, 2064, 1276, 2289, 308, 475, 898, 41, 59315, 1228, 2318, 1719
606, 318, 1217, 4993, 4235, 2542, 7153, 1237, 1704, 905, 2019, 1228, 1254
607, 1217, 6016, 3462, 58559, 1948, 534, 905, 1361, 741, 3000, 2064, 1228
608, 926, 1206, 969, 905, 1172, 4226, 922, 1304, 1060, 7502, 1203, 4235
609, 2762, 1175, 1136, 1252, 33166, 70286, 1213, 1719, 5618, 608, 54881, 2300
610, 858, 899, 1060, 1217, 922, 260, 2019, 2959, 905, 1945, 898, 926
611, 969, 858, 48516, 913, 1252, 6016, 745, 1276, 7502, 1228, 904, 908
612, 3462, 1221, 1203, 926, 318, 48516, 905, 1945, 5995, 1060, 913, 2019
613, 1196, 1254, 899, 969, 608, 905, 3035, 1221, 296, 2318, 968, 308
614, 1060, 55820, 912, 4993, 7153, 1213, 8132, 1089, 58559, 5952, 56782, 111
615, 1221, 2019, 913, 6787, 1207, 922, 912, 1230, 1228, 4973, 904, 926
616, 318, 1945, 4993, 1217, 1203, 1198, 926, 2571, 3462, 475, 7502, 1196
617, 2019, 2959, 318, 28, 1254, 78499, 608, 1217, 3359, 905, 1299, 110
618, 858, 7153, 926, 318, 1254, 904, 922, 923, 905, 7502, 86882, 750
619, 913, 1172, 904, 1228, 908, 1060, 2064, 969, 1276, 1307, 920, 48516
620, 858, 111, 2318, 6016, 1358, 1213, 1276, 2289, 2064, 246, 2959, 1189
621, 1193, 318, 913, 1172, 953, 1228, 1252, 1254, 106920, 608, 2019, 908
622, 858, 2918, 1221, 2502, 111, 608, 307, 994, 1147, 1217, 1945, 3462
623, 858, 745, 1203, 926, 1945, 1276, 2973, 50, 905, 3504, 3462, 904
624, 318, 1945, 913, 527, 7361, 1732, 908, 926, 1203, 899, 1252, 1272
625, 6016, 318, 4993, 1203, 858, 926, 5995, 1217, 2762, 56782, 2064, 7153
626, 745, 48516, 899, 904, 1252, 923, 232, 969, 6016, 1256, 68157, 70286
627, 1213, 1252, 1147, 1256, 908, 1136, 2692, 926, 1197, 1060, 912, 56782
628, 745, 1196, 1221, 858, 3504, 3462, 1210, 260, 31658, 1945, 1939, 1247
629, 318, 7502, 1203, 3462, 2318, 3035, 92259, 1035, 68237, 926, 3007, 994
630, 1276, 922, 969, 913, 1939, 1172, 6016, 750, 3462, 3088, 928, 903
631, 858, 1254, 527, 1221, 3462, 1193, 745, 926, 905, 1203, 50, 593
632, 905, 1172, 1228, 926, 50, 858, 1254, 534, 969, 1221, 4226, 608
633, 111, 3462, 2064, 905, 1945, 260, 6787, 858, 2318, 1250, 608, 926
634, 969, 1203, 2959, 1217, 1254, 922, 2064, 50, 4226, 1196, 1228, 904
635, 969, 858, 1221, 1217, 1252, 745, 56782, 994, 1203, 1945, 953, 3462
636, 1221, 858, 745, 4993, 50, 912, 7502, 593, 1276, 2019, 1254, 111
637, 527, 4993, 7502, 1172, 6016, 1704, 2064, 745, 1204, 969, 5971, 904
638, 318, 1945, 969, 1203, 1704, 905, 913, 260, 1952, 3462, 1228, 1224
639, 4973, 50, 858, 6016, 1197, 3462, 1148, 1221, 1276, 2064, 1207, 2318
640, 318, 3462, 926, 1203, 6016, 1217, 745, 527, 308, 356, 5995, 1952
641, 969, 2762, 2692, 5971, 4011, 858, 48516, 1276, 1945, 2064, 1198, 1148
642, 50, 908, 2804, 1060, 318, 926, 541, 2571, 1276, 1147, 55820, 4226
643, 1276, 1203, 1945, 3462, 6016, 4973, 969, 745, 905, 1225, 2064, 1228
644, 50, 1221, 296, 858, 318, 905, 260, 308, 1172, 3462, 1196, 8132
645, 2064, 55820, 2359, 5971, 318, 1060, 858, 260, 111, 1945, 1291, 905
646, 1172, 1293, 593, 318, 58559, 858, 913, 1198, 2467, 1221, 2019, 2692
647, 898, 246, 913, 1252, 2300, 1212, 903, 750, 318, 2917, 1060, 5995
648, 1203, 5995, 306, 903, 913, 1276, 926, 1252, 1193, 68157, 1060, 1224
649, 1217, 858, 3683, 3462, 1276, 4973, 2318, 2959, 308, 1948, 5418, 1196
650, 1221, 745, 318, 3462, 1254, 4235, 1304, 2542, 969, 1203, 1224, 3469
651, 969, 4993, 7153, 5952, 50, 926, 1945, 1203, 2959, 4235, 475, 296
652, 745, 306, 1060, 1203, 1254, 930, 969, 905, 994, 88125, 50, 858
653, 318, 3362, 3462, 2692, 1228, 1203, 858, 922, 1276, 233, 904, 3468
654, 912, 3462, 1945, 926, 7502, 31658, 1207, 1254, 2973, 1217, 475, 923
655, 1203, 908, 1254, 2064, 318, 2329, 5971, 7502, 1204, 1089, 903, 899
656, 1172, 1287, 1953, 3671, 50, 296, 515, 593, 318, 778, 1197, 2318
657, 969, 3462, 858, 926, 1172, 1252, 1945, 56782, 1217, 3435, 1411, 905
658, 969, 905, 2064, 2318, 6016, 1276, 858, 1945, 76093, 3683, 3462, 1939
659, 1221, 6787, 3462, 2318, 745, 905, 3035, 1247, 951, 1198, 926, 913
660, 6016, 1304, 2064, 1172, 28, 905, 318, 926, 899, 954, 1224, 1060
661, 4993, 2762, 1228, 1254, 908, 926, 50068, 858, 3683, 1221, 534, 1172
662, 858, 2064, 2019, 50, 1254, 1704, 745, 926, 3035, 31658, 58559, 1203
663, 926, 1945, 969, 318, 899, 2064, 6016, 4235, 1197, 1213, 55820, 1207
664, 1203, 1254, 1172, 1945, 905, 1252, 913, 903, 1228, 1217, 922, 3462
665, 7153, 2300, 1254, 1228, 899, 2692, 7502, 50, 4963, 916, 2542, 1204
666, 2064, 858, 1212, 969, 745, 475, 994, 750, 1945, 4878, 913, 1228
667, 318, 969, 1217, 858, 2324, 1254, 2542, 1196, 390, 2329, 4011, 6016
668, 858, 913, 905, 1228, 1276, 926, 2329, 899, 2571, 6016, 912, 969
669, 1221, 318, 1196, 1203, 858, 1276, 922, 593, 3462, 7502, 50, 6787
670, 926, 898, 1136, 899, 2804, 1203, 1276, 296, 51540, 1254, 1193, 1945
671, 527, 1207, 905, 7153, 926, 2318, 1203, 969, 7502, 3683, 899, 922
1001, 318, 858, 1228, 1221, 1945, 2064, 1254, 4235, 912, 2019, 969, 1217
1002, 50, 527, 318, 260, 858, 1196, 1221, 1247, 2019, 1148, 4973, 1060
1003, 50, 593, 318, 1196, 1198, 1219, 1276, 2571, 5952, 4993, 7502, 926
1234, 50, 1207, 926, 318, 858, 899, 56782, 1217, 916, 86882, 2064, 6016
